0 0.299350 0.087522 0.058178 0.035042 0.924133
0 0.517261 0.089946 0.045368 0.030270 0.886744
0 0.628063 0.090107 0.062912 0.039852 0.900806
0 0.192522 0.090383 0.059744 0.041344 0.920856
0 0.843301 0.091050 0.073910 0.044226 0.937151
0 0.080695 0.091222 0.061230 0.041820 0.920709
0 0.737334 0.091264 0.069406 0.042959 0.921102
0 0.409947 0.092543 0.061370 0.040578 0.928154
0 0.943199 0.092950 0.056978 0.037428 0.909561
0 0.516139 0.138211 0.059422 0.036174 0.906832
0 0.083602 0.141715 0.052950 0.039802 0.927308
0 0.620936 0.141813 0.062540 0.040675 0.919124
0 0.845765 0.141845 0.050892 0.034601 0.862485
0 0.193260 0.141943 0.052787 0.042091 0.904512
0 0.734581 0.142334 0.057032 0.029104 0.765450
0 0.410521 0.143451 0.068897 0.042668 0.922794
0 0.295878 0.143539 0.059165 0.038775 0.912107
0 0.946252 0.144593 0.057688 0.037110 0.916396
0 0.738225 0.188059 0.052917 0.007621 0.247371
0 0.516030 0.193233 0.061163 0.043794 0.916372
0 0.298742 0.193545 0.070342 0.035692 0.891864
0 0.080089 0.193725 0.062715 0.042940 0.935828
0 0.196260 0.194383 0.042675 0.040264 0.902338
0 0.402191 0.195104 0.066712 0.038806 0.910550
0 0.842420 0.195550 0.061573 0.040558 0.916934
0 0.624909 0.195954 0.058778 0.043581 0.923603
0 0.943843 0.197863 0.051659 0.039296 0.888010
0 0.739947 0.240987 0.061214 0.029857 0.845977
0 0.193394 0.243128 0.065551 0.034462 0.938767
0 0.944427 0.243167 0.055553 0.031647 0.805548
0 0.518092 0.243697 0.064060 0.036884 0.896508
0 0.080109 0.244462 0.066784 0.037277 0.912596
0 0.626419 0.244528 0.055019 0.042072 0.923986
0 0.405177 0.246590 0.080205 0.033541 0.883056
0 0.293322 0.247179 0.072107 0.038409 0.905698
0 0.840845 0.248463 0.060531 0.047736 0.923743
0 0.736863 0.289431 0.066832 0.036134 0.898023
0 0.407481 0.290302 0.068700 0.034668 0.906342
0 0.083680 0.290522 0.069262 0.034395 0.921459
0 0.512638 0.292406 0.052727 0.036275 0.914441
0 0.627528 0.292565 0.052854 0.028707 0.872755
0 0.296853 0.293088 0.061944 0.034975 0.931736
0 0.190662 0.294115 0.077103 0.032993 0.854756
0 0.944168 0.295463 0.052746 0.035538 0.841504
0 0.845250 0.296526 0.053473 0.033451 0.917691
0 0.077503 0.339499 0.067302 0.035805 0.900355
0 0.192532 0.340991 0.056451 0.044243 0.922580
0 0.516148 0.342015 0.066815 0.031598 0.884776
0 0.842794 0.342373 0.064247 0.038822 0.928009
0 0.399020 0.342466 0.065263 0.037071 0.929348
0 0.732307 0.343078 0.058523 0.046192 0.927259
0 0.294939 0.344176 0.076989 0.039458 0.889551
0 0.622956 0.344863 0.048576 0.029904 0.892729
0 0.943692 0.344968 0.053301 0.038609 0.873378
0 0.513517 0.391041 0.055048 0.034839 0.899831
0 0.188399 0.391748 0.063944 0.042917 0.916308
0 0.737445 0.393358 0.043071 0.033341 0.899794
0 0.406093 0.393454 0.077921 0.044068 0.930539
0 0.620503 0.394470 0.072749 0.042653 0.931173
0 0.294527 0.394843 0.082370 0.033987 0.874677
0 0.074016 0.395157 0.061139 0.039496 0.944512
0 0.940960 0.396038 0.064346 0.038730 0.907790
0 0.840543 0.396499 0.069019 0.047024 0.928366
0 0.076646 0.441162 0.067848 0.031758 0.933053
0 0.299476 0.442425 0.061345 0.036418 0.909101
0 0.515109 0.444088 0.055377 0.034272 0.893769
0 0.186141 0.444191 0.073163 0.038530 0.915605
0 0.732774 0.445327 0.075666 0.046056 0.933594
0 0.405092 0.445613 0.061086 0.051869 0.911851
0 0.839777 0.446053 0.064359 0.040985 0.932833
0 0.622175 0.446157 0.071241 0.041383 0.921289
0 0.937060 0.447504 0.066468 0.040297 0.895590
0 0.070709 0.490201 0.056453 0.043550 0.910450
0 0.293894 0.490239 0.057160 0.025018 0.768686
0 0.511682 0.492539 0.066670 0.037560 0.904646
0 0.190863 0.493716 0.064940 0.044471 0.926974
0 0.841105 0.494470 0.046710 0.032910 0.924282
0 0.407748 0.495775 0.068749 0.031296 0.917011
0 0.621421 0.497320 0.075817 0.035844 0.918638
0 0.939397 0.497349 0.056743 0.038026 0.915117
0 0.731173 0.497757 0.061245 0.038785 0.926919
0 0.184800 0.543976 0.049986 0.042606 0.914855
0 0.292172 0.545118 0.058700 0.035457 0.909166
0 0.622640 0.545596 0.050823 0.038020 0.946067
0 0.506801 0.545951 0.073566 0.042301 0.921995
0 0.728151 0.546379 0.060960 0.038003 0.936751
0 0.075476 0.546642 0.063780 0.034264 0.882494
0 0.937932 0.546872 0.065282 0.039457 0.916742
0 0.835879 0.548168 0.057177 0.032453 0.912263
0 0.407267 0.551527 0.057742 0.031598 0.736080
0 0.732693 0.592762 0.061719 0.027094 0.856419
0 0.293233 0.592807 0.050681 0.033594 0.925559
0 0.832952 0.593094 0.063406 0.038694 0.914440
0 0.187181 0.593338 0.070344 0.039861 0.925919
0 0.509830 0.593760 0.060118 0.045160 0.909549
0 0.940274 0.594285 0.057168 0.034218 0.932338
0 0.077897 0.594656 0.067037 0.041737 0.933838
0 0.624352 0.596943 0.070303 0.041070 0.921547
0 0.403056 0.597010 0.066884 0.039652 0.913263
0 0.184475 0.640408 0.058142 0.036743 0.931466
0 0.077840 0.642485 0.069917 0.033653 0.910908
0 0.409979 0.643059 0.065250 0.035416 0.913921
0 0.838753 0.643614 0.060369 0.035887 0.926058
0 0.615132 0.643752 0.056445 0.036607 0.883166
0 0.296767 0.644191 0.065167 0.043002 0.909031
0 0.508933 0.644384 0.055767 0.036803 0.925333
0 0.942864 0.645440 0.059758 0.046159 0.929072
0 0.729395 0.648492 0.060002 0.041064 0.916332
0 0.514158 0.692283 0.063851 0.036595 0.903449
0 0.291804 0.693231 0.066417 0.033173 0.923608
0 0.182868 0.693611 0.062054 0.039104 0.923334
0 0.074477 0.693834 0.059853 0.044537 0.914444
0 0.839122 0.694679 0.045830 0.037290 0.862675
0 0.618714 0.694908 0.059911 0.034696 0.907277
0 0.731652 0.695329 0.060140 0.037751 0.923811
0 0.402395 0.696785 0.046116 0.034329 0.888863
0 0.936502 0.697192 0.065707 0.039387 0.924054
0 0.074660 0.742252 0.067337 0.036585 0.914658
0 0.291800 0.743294 0.057643 0.039545 0.924858
0 0.841733 0.744275 0.054549 0.025994 0.843917
0 0.180495 0.744921 0.053489 0.039545 0.914773
0 0.510913 0.745436 0.060373 0.011616 0.260797
0 0.403803 0.746330 0.065461 0.042761 0.920698
0 0.620588 0.746350 0.070199 0.042614 0.930272
0 0.932474 0.748672 0.058911 0.038810 0.908840
0 0.730643 0.749542 0.061856 0.045642 0.918565
0 0.504838 0.792262 0.059772 0.035805 0.928834
0 0.187688 0.792304 0.062649 0.038488 0.915092
0 0.299244 0.793196 0.054036 0.035638 0.901956
0 0.073703 0.794325 0.066397 0.039591 0.915789
0 0.399314 0.795521 0.066859 0.041571 0.916139
0 0.612372 0.796843 0.059815 0.042255 0.910193
0 0.833735 0.797444 0.064506 0.037961 0.900488
0 0.937486 0.798579 0.063669 0.043515 0.906332
0 0.730728 0.799822 0.045119 0.033888 0.923460
0 0.509177 0.842312 0.061645 0.038389 0.931887
0 0.291922 0.844234 0.054226 0.038731 0.903877
0 0.834334 0.845140 0.061502 0.026880 0.820384
0 0.184097 0.846569 0.063024 0.042020 0.934324
0 0.613242 0.846639 0.066452 0.043657 0.931725
0 0.067061 0.847214 0.065739 0.042792 0.925160
0 0.727742 0.849084 0.067041 0.038634 0.927473
0 0.399605 0.850050 0.065444 0.041935 0.920217
0 0.941129 0.850275 0.063351 0.034004 0.902771
0 0.833937 0.889965 0.045564 0.006230 0.338852
0 0.073098 0.897454 0.059790 0.031276 0.914690
0 0.288625 0.897545 0.055011 0.040083 0.910046
0 0.184930 0.897640 0.062005 0.043143 0.928060
0 0.609919 0.897730 0.058596 0.037681 0.922270
0 0.726824 0.897843 0.074001 0.047986 0.930145
0 0.396842 0.899399 0.055192 0.037878 0.895120
0 0.938937 0.899984 0.060357 0.035804 0.939002
0 0.508427 0.901211 0.043054 0.033648 0.899729
0 0.837372 0.902737 0.057277 0.018001 0.390251
0 0.834849 0.942024 0.054286 0.035448 0.901756
0 0.069307 0.944835 0.058590 0.030524 0.827163
0 0.184248 0.945373 0.062578 0.031697 0.797070
0 0.398550 0.945525 0.059311 0.034760 0.908883
0 0.730399 0.945707 0.062728 0.035948 0.928090
0 0.932379 0.945736 0.059133 0.038551 0.915812
0 0.510572 0.946130 0.058845 0.037839 0.916196
0 0.287952 0.946636 0.039270 0.037053 0.850187
0 0.616594 0.947030 0.059052 0.032444 0.912987