347.0,11.0,379.0,11.0,379.0,231.0,347.0,231.0,𫔳茹油併𧗱娄
350.0,287.0,383.0,287.0,383.0,578.0,350.0,578.0,時群㛪妬路求姉低
309.0,12.0,341.0,12.0,341.0,229.0,309.0,229.0,𡦂貞群𠬠𡮍尼
311.0,282.0,344.0,282.0,344.0,577.0,311.0,577.0,庄扲木凭束𨃐朱散
273.0,11.0,305.0,11.0,305.0,222.0,273.0,222.0,群𡗉恩󰒂滇滇
275.0,285.0,307.0,285.0,307.0,577.0,275.0,577.0,咍之𡆫丐花殘麻制
239.0,9.0,269.0,9.0,269.0,226.0,239.0,226.0,払浪哏咘𠬠𠳒
240.0,283.0,269.0,283.0,269.0,576.0,240.0,576.0,俸空󰠩渃𪀄𡗶𠴊僥
202.0,10.0,233.0,10.0,233.0,228.0,202.0,228.0,㤕㝵流洛闭𥹰
202.0,283.0,233.0,283.0,233.0,576.0,202.0,576.0,想誓説𥘀仍𤴬疸𡗉
166.0,8.0,196.0,8.0,196.0,226.0,166.0,226.0,傷僥生死㐌𡗉
166.0,283.0,195.0,283.0,195.0,572.0,166.0,572.0,迻僥群少闭饒󰑼情
131.0,8.0,161.0,8.0,161.0,228.0,131.0,228.0,澄春絲柳群撑
131.0,281.0,159.0,281.0,159.0,575.0,131.0,575.0,議渚𬛒脱塊㮠爱恩
92.0,8.0,124.0,8.0,124.0,224.0,92.0,224.0,𦎛冲庄𡮍蓓尘
95.0,284.0,126.0,284.0,126.0,575.0,95.0,575.0,𠬠𠳒决罕𬮙分敬添
56.0,10.0,87.0,10.0,87.0,224.0,56.0,224.0,闭𥹰渧𣷭摸針
56.0,282.0,89.0,282.0,89.0,573.0,56.0,573.0,󰑼𡗉鐄𥒥沛尋𦝄花
19.0,9.0,50.0,9.0,50.0,226.0,19.0,226.0,埃𪟽吏合𠬠茹
20.0,279.0,51.0,279.0,51.0,574.0,20.0,574.0,路󰑼𧜖𫋻買𦋦瑟琹