0 0.17973 0.289455 0.0763967 0.0582553 0.940599
0 0.820403 0.637461 0.0681992 0.0585005 0.936512
0 0.18328 0.699556 0.0752665 0.0544638 0.935943
0 0.640828 0.511654 0.0680813 0.053093 0.935562
0 0.824892 0.760441 0.0712776 0.0585594 0.934916
0 0.547336 0.107835 0.0715048 0.0602964 0.934354
0 0.815629 0.171996 0.0790705 0.0558989 0.934065
0 0.180851 0.565407 0.0773141 0.056608 0.933689
0 0.36584 0.698369 0.0733318 0.0552628 0.933245
0 0.182436 0.633247 0.0783647 0.0582443 0.932307
0 0.365008 0.105848 0.069186 0.0624428 0.931566
0 0.918766 0.765469 0.0738055 0.055115 0.931325
0 0.915399 0.576614 0.0765847 0.0555959 0.931067
0 0.1789 0.507953 0.0730143 0.0505821 0.931066
0 0.453072 0.63623 0.0704242 0.053008 0.931008
0 0.278088 0.568635 0.0697671 0.0464387 0.931003
0 0.366014 0.76173 0.0702872 0.05131 0.930373
0 0.637081 0.634529 0.0732003 0.0644758 0.929849
0 0.18134 0.229499 0.0739168 0.0520556 0.929304
0 0.815321 0.233363 0.0778773 0.0516163 0.929277
0 0.27414 0.887331 0.0727199 0.0570515 0.928249
0 0.362067 0.170343 0.0766851 0.0539058 0.928038
0 0.364175 0.633903 0.0733969 0.0598679 0.927873
0 0.179791 0.3512 0.0759157 0.0574079 0.927848
0 0.548036 0.761984 0.0817307 0.0558449 0.927824
0 0.643226 0.825972 0.0680724 0.051147 0.927748
0 0.36476 0.231546 0.0720709 0.0516255 0.927618
0 0.551295 0.699129 0.0735611 0.0614531 0.927556
0 0.179689 0.951069 0.0691007 0.0580608 0.927381
0 0.722706 0.108515 0.0749079 0.0619532 0.92721
0 0.0860986 0.821446 0.0874462 0.0577938 0.926111
0 0.91978 0.829468 0.076691 0.0560856 0.926046
0 0.915209 0.698228 0.0701443 0.0580393 0.925617
0 0.366663 0.820754 0.0703279 0.0568224 0.925169
0 0.639701 0.699525 0.0684736 0.0539395 0.925122
0 0.454604 0.823692 0.0736775 0.0624969 0.924691
0 0.820717 0.510349 0.0764258 0.0513908 0.924329
0 0.731932 0.763463 0.0817228 0.0622441 0.924051
0 0.0859288 0.631071 0.0876685 0.0630018 0.923893
0 0.817426 0.0487145 0.0794321 0.0557768 0.92368
0 0.550496 0.825581 0.0797601 0.0612587 0.92291
0 0.180846 0.166045 0.0663706 0.0550089 0.92258
0 0.0782299 0.166324 0.082792 0.0597858 0.922179
0 0.453446 0.889075 0.070052 0.0529922 0.92192
0 0.546151 0.233775 0.0755247 0.0533014 0.921909
0 0.182162 0.883051 0.0751862 0.0526825 0.921839
0 0.545132 0.0426674 0.0740324 0.0522472 0.921532
0 0.733791 0.825329 0.0772052 0.0589437 0.921438
0 0.548963 0.637466 0.0768676 0.0537788 0.920624
0 0.545013 0.171212 0.0786464 0.0578671 0.920199
0 0.178135 0.103747 0.0702485 0.0560809 0.919452
0 0.820681 0.571896 0.0719172 0.0597442 0.919157
0 0.723531 0.0467605 0.0772855 0.0553997 0.918921
0 0.276093 0.952242 0.0690738 0.0582161 0.918899
0 0.546058 0.512049 0.0802422 0.049188 0.91881
0 0.547493 0.573187 0.0735124 0.0640672 0.918719
0 0.275433 0.70152 0.071216 0.0543367 0.918718
0 0.365177 0.35724 0.0691338 0.0598769 0.91864
0 0.449228 0.229927 0.0759685 0.0528663 0.91806
0 0.920538 0.893847 0.084561 0.0593209 0.917909
0 0.642129 0.294525 0.0762971 0.0538013 0.917727
0 0.279341 0.822705 0.0761203 0.0550991 0.917587
0 0.547311 0.356894 0.0793877 0.0626001 0.917498
0 0.635366 0.232974 0.0701925 0.0576061 0.917253
0 0.365711 0.566473 0.0650629 0.0566237 0.917232
0 0.271395 0.35257 0.0767356 0.0532298 0.917023
0 0.367366 0.886288 0.0633126 0.060384 0.915929
0 0.366252 0.293471 0.0690947 0.0574911 0.915798
0 0.280512 0.631357 0.0696044 0.0555691 0.915732
0 0.273882 0.292511 0.0788476 0.0544479 0.915724
0 0.913003 0.36308 0.0731967 0.0615682 0.915215
0 0.454177 0.69647 0.0738059 0.0560697 0.914666
0 0.63647 0.106761 0.0655397 0.0543457 0.913737
0 0.453188 0.2914 0.0690553 0.0590575 0.913699
0 0.640321 0.358079 0.0673373 0.0552324 0.913456
0 0.0840035 0.951406 0.0857695 0.0583349 0.913318
0 0.184746 0.82037 0.0725326 0.0607416 0.913134
0 0.454374 0.949666 0.0693989 0.0554795 0.912928
0 0.638768 0.042017 0.0678212 0.0502704 0.912264
0 0.637781 0.569055 0.0661967 0.0524818 0.911981
0 0.0828173 0.506385 0.0926819 0.0583002 0.911776
0 0.731909 0.889924 0.0751785 0.0642028 0.911753
0 0.639114 0.762566 0.0738042 0.0621945 0.911719
0 0.451145 0.569277 0.0675978 0.0523669 0.911326
0 0.812229 0.107887 0.0736174 0.0594031 0.911292
0 0.451468 0.106184 0.068199 0.0566056 0.910955
0 0.452295 0.0414696 0.0729433 0.0552877 0.910925
0 0.546426 0.294743 0.0733403 0.0524703 0.910817
0 0.548089 0.889652 0.0831716 0.0581844 0.910729
0 0.547824 0.953537 0.0786948 0.0620453 0.910726
0 0.0856707 0.566668 0.0825285 0.060173 0.910538
0 0.269578 0.166975 0.0759706 0.0524117 0.910283
0 0.726023 0.232139 0.0729065 0.0555944 0.910042
0 0.918215 0.634137 0.075035 0.0544664 0.909787
0 0.453198 0.356994 0.0756615 0.0607223 0.908801
0 0.728684 0.571308 0.068866 0.0507323 0.908799
0 0.831018 0.825793 0.0656726 0.052302 0.908469
0 0.275446 0.508556 0.0730904 0.046194 0.908313
0 0.367699 0.0425328 0.0699765 0.0534811 0.908307
0 0.816298 0.36183 0.0723609 0.0527451 0.908078
0 0.183251 0.0425171 0.0663272 0.0534669 0.907946
0 0.727108 0.171122 0.0670389 0.0524187 0.907839
0 0.828284 0.889917 0.0663897 0.0601069 0.907783
0 0.0808386 0.102114 0.0844362 0.0625913 0.907598
0 0.448482 0.166197 0.0734372 0.0486815 0.907578
0 0.085465 0.760449 0.0803659 0.0579675 0.90719
0 0.272629 0.043977 0.0744836 0.0581077 0.906376
0 0.456629 0.760985 0.0661133 0.0580788 0.905354
0 0.184276 0.756768 0.0682335 0.0550944 0.904903
0 0.734525 0.954549 0.0708984 0.0589814 0.90244
0 0.727463 0.295442 0.0736221 0.0618503 0.90193
0 0.734343 0.698345 0.0745245 0.0544171 0.901835
0 0.911774 0.235367 0.0757257 0.0582628 0.901648
0 0.086177 0.696537 0.0865351 0.0601227 0.899329
0 0.633477 0.167887 0.0650295 0.0500015 0.899288
0 0.816115 0.29897 0.0770496 0.0664238 0.899284
0 0.734304 0.638437 0.0697569 0.0599132 0.899131
0 0.447966 0.5105 0.0643207 0.0498534 0.898698
0 0.36446 0.508711 0.0698813 0.0549494 0.898476
0 0.916233 0.298197 0.0811541 0.0588597 0.897362
0 0.0836442 0.288045 0.0829265 0.055483 0.897349
0 0.639401 0.890889 0.0669773 0.0579258 0.897271
0 0.729147 0.513084 0.0701731 0.0496712 0.896945
0 0.27084 0.105589 0.0703017 0.0536724 0.896084
0 0.917983 0.514799 0.0691994 0.0467052 0.894049
0 0.641968 0.953949 0.0710183 0.0586456 0.890873
0 0.826892 0.955148 0.0694757 0.0606384 0.889148
0 0.367179 0.953109 0.063555 0.0556415 0.888874
0 0.273 0.761953 0.0769287 0.0528219 0.887924
0 0.0866399 0.887631 0.0912662 0.0643051 0.884321
0 0.910445 0.111648 0.0758575 0.0609445 0.880905
0 0.823733 0.698975 0.0744885 0.0561855 0.880521
0 0.911539 0.173008 0.0716797 0.0532521 0.880501
0 0.0873473 0.22856 0.0781345 0.0566717 0.877784
0 0.269636 0.228075 0.0717411 0.0593102 0.870758
0 0.921951 0.960723 0.0768292 0.0564562 0.865986
0 0.0851521 0.0427792 0.0830553 0.0547625 0.850725
0 0.922602 0.0474344 0.0911401 0.0547606 0.825586
0 0.733048 0.355685 0.0667551 0.051276 0.750857
0 0.0807878 0.351384 0.0907288 0.068073 0.720039
0 0.265684 0.992892 0.0928542 0.0130802 0.677161
0 0.456286 0.464517 0.0690556 0.0254404 0.670163
0 0.375373 0.993281 0.0916849 0.0134371 0.573986
0 0.82417 0.993966 0.0880838 0.0120681 0.572861
0 0.820244 0.00555786 0.0916039 0.0111157 0.378489
0 0.639315 0.992136 0.0808172 0.0157272 0.271609
0 0.456896 0.99081 0.0999335 0.0183795 0.252478
0 0.719193 0.00531553 0.085961 0.0106048 0.137309
