𫔳 0.922602 0.047434 0.091140 0.054761 1.0
茹 0.910445 0.111648 0.075857 0.060944 1.0
油 0.911539 0.173008 0.071680 0.053252 1.0
併 0.911774 0.235367 0.075726 0.058263 1.0
𧗱 0.916233 0.298197 0.081154 0.058860 1.0
娄 0.913003 0.363080 0.073197 0.061568 1.0
時 0.917983 0.514799 0.069199 0.046705 1.0
群 0.915399 0.576614 0.076585 0.055596 1.0
㛪 0.918215 0.634137 0.075035 0.054466 1.0
妬 0.915209 0.698228 0.070144 0.058039 1.0
路 0.918766 0.765469 0.073805 0.055115 1.0
求 0.919780 0.829468 0.076691 0.056086 1.0
姉 0.920538 0.893847 0.084561 0.059321 1.0
低 0.921951 0.960723 0.076829 0.056456 1.0
𡦂 0.817426 0.048715 0.079432 0.055777 1.0
貞 0.812229 0.107887 0.073617 0.059403 1.0
群 0.815629 0.171996 0.079071 0.055899 1.0
𠬠 0.815321 0.233363 0.077877 0.051616 1.0
𡮍 0.816115 0.298970 0.077050 0.066424 1.0
尼 0.816298 0.361830 0.072361 0.052745 1.0
庄 0.820717 0.510349 0.076426 0.051391 1.0
扲 0.820681 0.571896 0.071917 0.059744 1.0
木 0.820403 0.637461 0.068199 0.058500 1.0
凭 0.823733 0.698975 0.074488 0.056186 1.0
束 0.824892 0.760441 0.071278 0.058559 1.0
𨃐 0.831018 0.825793 0.065673 0.052302 1.0
朱 0.828284 0.889917 0.066390 0.060107 1.0
散 0.826892 0.955148 0.069476 0.060638 1.0
群 0.723531 0.046761 0.077285 0.055400 1.0
𡗉 0.722706 0.108515 0.074908 0.061953 1.0
恩 0.727108 0.171122 0.067039 0.052419 1.0
󰒂 0.726023 0.232139 0.072906 0.055594 1.0
滇 0.727463 0.295442 0.073622 0.061850 1.0
滇 0.733048 0.355685 0.066755 0.051276 1.0
咍 0.729147 0.513084 0.070173 0.049671 1.0
之 0.728684 0.571308 0.068866 0.050732 1.0
𡆫 0.734304 0.638437 0.069757 0.059913 1.0
丐 0.734343 0.698345 0.074524 0.054417 1.0
花 0.731932 0.763463 0.081723 0.062244 1.0
殘 0.733791 0.825329 0.077205 0.058944 1.0
麻 0.731909 0.889924 0.075178 0.064203 1.0
制 0.734525 0.954549 0.070898 0.058981 1.0
払 0.638768 0.042017 0.067821 0.050270 1.0
浪 0.636470 0.106761 0.065540 0.054346 1.0
哏 0.633477 0.167887 0.065030 0.050001 1.0
咘 0.635366 0.232974 0.070193 0.057606 1.0
𠬠 0.642129 0.294525 0.076297 0.053801 1.0
𠳒 0.640321 0.358079 0.067337 0.055232 1.0
俸 0.640828 0.511654 0.068081 0.053093 1.0
空 0.637781 0.569055 0.066197 0.052482 1.0
󰠩 0.637081 0.634529 0.073200 0.064476 1.0
渃 0.639701 0.699525 0.068474 0.053940 1.0
𪀄 0.639114 0.762566 0.073804 0.062195 1.0
𡗶 0.643226 0.825972 0.068072 0.051147 1.0
𠴊 0.639401 0.890889 0.066977 0.057926 1.0
僥 0.641968 0.953949 0.071018 0.058646 1.0
㤕 0.545132 0.042667 0.074032 0.052247 1.0
㝵 0.547336 0.107835 0.071505 0.060296 1.0
流 0.545013 0.171212 0.078646 0.057867 1.0
洛 0.546151 0.233775 0.075525 0.053301 1.0
闭 0.546426 0.294743 0.073340 0.052470 1.0
𥹰 0.547311 0.356894 0.079388 0.062600 1.0
想 0.546058 0.512049 0.080242 0.049188 1.0
誓 0.547493 0.573187 0.073512 0.064067 1.0
説 0.548963 0.637466 0.076868 0.053779 1.0
𥘀 0.551295 0.699129 0.073561 0.061453 1.0
仍 0.548036 0.761984 0.081731 0.055845 1.0
𤴬 0.550496 0.825581 0.079760 0.061259 1.0
疸 0.548089 0.889652 0.083172 0.058184 1.0
𡗉 0.547824 0.953537 0.078695 0.062045 1.0
傷 0.452295 0.041470 0.072943 0.055288 1.0
僥 0.451468 0.106184 0.068199 0.056606 1.0
生 0.448482 0.166197 0.073437 0.048682 1.0
死 0.449228 0.229927 0.075968 0.052866 1.0
㐌 0.453188 0.291400 0.069055 0.059057 1.0
𡗉 0.453198 0.356994 0.075662 0.060722 1.0
迻 0.447966 0.510500 0.064321 0.049853 1.0
僥 0.451145 0.569277 0.067598 0.052367 1.0
群 0.453072 0.636230 0.070424 0.053008 1.0
少 0.454177 0.696470 0.073806 0.056070 1.0
闭 0.456629 0.760985 0.066113 0.058079 1.0
饒 0.454604 0.823692 0.073678 0.062497 1.0
󰑼 0.453446 0.889075 0.070052 0.052992 1.0
情 0.454374 0.949666 0.069399 0.055480 1.0
澄 0.367699 0.042533 0.069976 0.053481 1.0
春 0.365008 0.105848 0.069186 0.062443 1.0
絲 0.362067 0.170343 0.076685 0.053906 1.0
柳 0.364760 0.231546 0.072071 0.051625 1.0
群 0.366252 0.293471 0.069095 0.057491 1.0
撑 0.365177 0.357240 0.069134 0.059877 1.0
議 0.364460 0.508711 0.069881 0.054949 1.0
渚 0.365711 0.566473 0.065063 0.056624 1.0
𬛒 0.364175 0.633903 0.073397 0.059868 1.0
脱 0.365840 0.698369 0.073332 0.055263 1.0
塊 0.366014 0.761730 0.070287 0.051310 1.0
㮠 0.366663 0.820754 0.070328 0.056822 1.0
爱 0.367366 0.886288 0.063313 0.060384 1.0
恩 0.367179 0.953109 0.063555 0.055641 1.0
𦎛 0.272629 0.043977 0.074484 0.058108 1.0
冲 0.270840 0.105589 0.070302 0.053672 1.0
庄 0.269578 0.166975 0.075971 0.052412 1.0
𡮍 0.269636 0.228075 0.071741 0.059310 1.0
蓓 0.273882 0.292511 0.078848 0.054448 1.0
尘 0.271395 0.352570 0.076736 0.053230 1.0
𠬠 0.275446 0.508556 0.073090 0.046194 1.0
𠳒 0.278088 0.568635 0.069767 0.046439 1.0
决 0.280512 0.631357 0.069604 0.055569 1.0
罕 0.275433 0.701520 0.071216 0.054337 1.0
𬮙 0.273000 0.761953 0.076929 0.052822 1.0
分 0.279341 0.822705 0.076120 0.055099 1.0
敬 0.274140 0.887331 0.072720 0.057051 1.0
添 0.276093 0.952242 0.069074 0.058216 1.0
闭 0.183251 0.042517 0.066327 0.053467 1.0
𥹰 0.178135 0.103747 0.070249 0.056081 1.0
渧 0.180846 0.166045 0.066371 0.055009 1.0
𣷭 0.181340 0.229499 0.073917 0.052056 1.0
摸 0.179730 0.289455 0.076397 0.058255 1.0
針 0.179791 0.351200 0.075916 0.057408 1.0
󰑼 0.178900 0.507953 0.073014 0.050582 1.0
𡗉 0.180851 0.565407 0.077314 0.056608 1.0
鐄 0.182436 0.633247 0.078365 0.058244 1.0
𥒥 0.183280 0.699556 0.075267 0.054464 1.0
沛 0.184276 0.756768 0.068234 0.055094 1.0
尋 0.184746 0.820370 0.072533 0.060742 1.0
𦝄 0.182162 0.883051 0.075186 0.052683 1.0
花 0.179689 0.951069 0.069101 0.058061 1.0
埃 0.085152 0.042779 0.083055 0.054762 1.0
𪟽 0.080839 0.102114 0.084436 0.062591 1.0
吏 0.078230 0.166324 0.082792 0.059786 1.0
合 0.087347 0.228560 0.078134 0.056672 1.0
𠬠 0.083644 0.288045 0.082927 0.055483 1.0
茹 0.080788 0.351384 0.090729 0.068073 1.0
路 0.082817 0.506385 0.092682 0.058300 1.0
󰑼 0.085671 0.566668 0.082529 0.060173 1.0
𧜖 0.085929 0.631071 0.087668 0.063002 1.0
𫋻 0.086177 0.696537 0.086535 0.060123 1.0
買 0.085465 0.760449 0.080366 0.057967 1.0
𦋦 0.086099 0.821446 0.087446 0.057794 1.0
瑟 0.086640 0.887631 0.091266 0.064305 1.0
琹 0.084003 0.951406 0.085769 0.058335 1.0
