0 0.736126 0.535792 0.0617611 0.0394564 0.952302
0 0.735597 0.874985 0.0735817 0.0433052 0.947934
0 0.735545 0.578594 0.0667903 0.0403938 0.947602
0 0.0980827 0.192673 0.0667797 0.0435628 0.946935
0 0.202341 0.191191 0.0604633 0.0414083 0.946355
0 0.524055 0.142443 0.0575533 0.0439285 0.945634
0 0.0967523 0.92235 0.0680278 0.0346439 0.944646
0 0.627667 0.725024 0.0601775 0.0408175 0.944564
0 0.939296 0.682334 0.0595994 0.0367073 0.94438
0 0.0965783 0.338378 0.0677158 0.0390158 0.944027
0 0.940838 0.586223 0.0571306 0.0431591 0.941749
0 0.735806 0.780878 0.069611 0.0475288 0.941578
0 0.313555 0.530248 0.0647741 0.0497049 0.941103
0 0.201944 0.534613 0.0636775 0.0421566 0.941081
0 0.735364 0.627183 0.0666494 0.0455967 0.940584
0 0.631698 0.289164 0.0634089 0.0472763 0.93962
0 0.0966702 0.489503 0.0643805 0.0428282 0.939196
0 0.099882 0.583425 0.0720922 0.0413014 0.939014
0 0.624719 0.830885 0.0636343 0.0482958 0.938859
0 0.206663 0.87997 0.0663054 0.0433788 0.938783
0 0.207209 0.78313 0.0650611 0.0412864 0.938435
0 0.841927 0.384916 0.0636898 0.0330486 0.938312
0 0.204326 0.139155 0.0645277 0.0405541 0.937395
0 0.73549 0.729248 0.0623174 0.0408181 0.93695
0 0.937328 0.732005 0.0650825 0.0425321 0.936904
0 0.52403 0.729019 0.0576454 0.0368648 0.936448
0 0.842044 0.532606 0.0630214 0.0444266 0.935658
0 0.521624 0.682657 0.056056 0.0465074 0.934938
0 0.732147 0.440574 0.0619303 0.0437509 0.934922
0 0.522983 0.195071 0.0662789 0.038828 0.934747
0 0.522933 0.439408 0.0664811 0.0370275 0.934707
0 0.628294 0.67801 0.0598689 0.0311986 0.934262
0 0.0998076 0.626177 0.0603117 0.0404913 0.933644
0 0.0999804 0.293094 0.0622704 0.0510658 0.933355
0 0.0958386 0.830451 0.0587587 0.0401866 0.933104
0 0.20298 0.345797 0.0741836 0.0450664 0.932597
0 0.205646 0.0907408 0.064518 0.0345029 0.932315
0 0.206371 0.682309 0.07219 0.05144 0.932181
0 0.73508 0.327101 0.0518047 0.0327004 0.931762
0 0.203936 0.73463 0.0642261 0.0388782 0.931631
0 0.201484 0.242939 0.0691045 0.0404442 0.931466
0 0.937352 0.927314 0.0665725 0.0438793 0.931299
0 0.0977081 0.139066 0.0711376 0.0403655 0.931089
0 0.735658 0.143614 0.0719803 0.0383587 0.930894
0 0.63234 0.141191 0.0530844 0.0386468 0.93024
0 0.523135 0.342343 0.0570133 0.0414939 0.930193
0 0.739407 0.286479 0.0570184 0.0387319 0.929813
0 0.937684 0.485954 0.0607745 0.0440384 0.929665
0 0.51971 0.877774 0.0576242 0.0440634 0.929663
0 0.939216 0.139619 0.0603396 0.0386268 0.928805
0 0.938735 0.635787 0.0654419 0.0463545 0.928669
0 0.627966 0.778641 0.0674243 0.0463402 0.92825
0 0.308188 0.828929 0.0676885 0.0394993 0.927946
0 0.628284 0.433608 0.0656545 0.0525143 0.927645
0 0.838555 0.685046 0.0666796 0.0487043 0.927644
0 0.525502 0.777558 0.0648514 0.0395868 0.927129
0 0.839377 0.483985 0.0683063 0.0481721 0.927108
0 0.936803 0.53577 0.0578987 0.04434 0.927086
0 0.841616 0.285733 0.0615852 0.0391786 0.926998
0 0.310633 0.729974 0.0518752 0.0454104 0.926985
0 0.631716 0.532188 0.0672874 0.0388018 0.92691
0 0.736857 0.678758 0.0642889 0.0399985 0.926442
0 0.20003 0.441147 0.0505865 0.0392142 0.926285
0 0.937872 0.834492 0.0635936 0.0484214 0.926071
0 0.202038 0.393614 0.0624817 0.0419863 0.925841
0 0.306166 0.87637 0.0619081 0.0401651 0.925522
0 0.942759 0.388876 0.0609414 0.0425676 0.925419
0 0.934438 0.883033 0.0629166 0.0405339 0.925083
0 0.94401 0.190879 0.0569471 0.0465192 0.924794
0 0.732778 0.244836 0.0639688 0.0408013 0.924304
0 0.522118 0.630048 0.066438 0.0496107 0.924271
0 0.627657 0.339267 0.0545503 0.0382436 0.924206
0 0.0996974 0.672813 0.0579989 0.0362459 0.923808
0 0.933958 0.781482 0.0655041 0.0462324 0.923341
0 0.0998094 0.387894 0.0641883 0.0428279 0.923284
0 0.306386 0.675903 0.0604797 0.0540335 0.922502
0 0.732494 0.492494 0.0510031 0.0453005 0.922295
0 0.202645 0.630295 0.0625736 0.0441332 0.921793
0 0.205148 0.582108 0.0730315 0.0483146 0.921745
0 0.83961 0.585338 0.073766 0.0472708 0.920654
0 0.625151 0.1959 0.0575556 0.0459322 0.920616
0 0.840354 0.434926 0.0554614 0.0417534 0.920087
0 0.523767 0.536143 0.0694355 0.0401692 0.920019
0 0.626329 0.631515 0.055136 0.0447049 0.919851
0 0.633069 0.244706 0.0534608 0.032095 0.919823
0 0.523832 0.293165 0.0510963 0.0428926 0.919504
0 0.423151 0.0937287 0.0604752 0.0456789 0.91938
0 0.629567 0.882316 0.0737414 0.035498 0.918569
0 0.520817 0.48712 0.0656467 0.0477533 0.918273
0 0.0966763 0.874048 0.0499544 0.0346804 0.917844
0 0.0997796 0.53561 0.0717027 0.0480957 0.917139
0 0.200112 0.295358 0.065199 0.0449395 0.916601
0 0.938049 0.435237 0.0616225 0.0485502 0.916549
0 0.941463 0.240769 0.056631 0.0330572 0.916514
0 0.100024 0.440193 0.0679914 0.0370166 0.914634
0 0.630199 0.0972016 0.0577971 0.0334177 0.913562
0 0.342165 0.3355 0.0513897 0.0482961 0.912578
0 0.736215 0.0921017 0.049695 0.0391704 0.912436
0 0.738608 0.194333 0.0632659 0.0437214 0.912086
0 0.521048 0.0938022 0.0697157 0.0470885 0.911979
0 0.733145 0.926735 0.0684248 0.0397656 0.91196
0 0.523392 0.392042 0.0464902 0.0353889 0.911891
0 0.524395 0.242406 0.0535136 0.0462634 0.911724
0 0.837628 0.828659 0.0625881 0.0432121 0.91098
0 0.0966025 0.722212 0.0516067 0.0446123 0.910503
0 0.309897 0.190348 0.0663924 0.0454422 0.910234
0 0.341589 0.481332 0.0478592 0.0449123 0.910127
0 0.200672 0.832151 0.0653714 0.0395294 0.909825
0 0.424199 0.143227 0.0587356 0.0391976 0.909788
0 0.939568 0.340183 0.0594746 0.0404099 0.909686
0 0.0982579 0.774118 0.0658618 0.0397077 0.909343
0 0.110465 0.242629 0.0455581 0.0394445 0.909167
0 0.202412 0.487744 0.0541105 0.0430149 0.908964
0 0.522699 0.581737 0.0650018 0.0337099 0.908494
0 0.839814 0.733312 0.0528291 0.0411852 0.908096
0 0.842897 0.336283 0.0528564 0.0364752 0.907605
0 0.944575 0.0904871 0.0515136 0.0383591 0.906871
0 0.840245 0.145716 0.0599309 0.0366691 0.906213
0 0.626607 0.578249 0.0668482 0.0412936 0.904552
0 0.525156 0.826802 0.0568174 0.0432663 0.904192
0 0.313551 0.135327 0.0500847 0.0278863 0.903578
0 0.309712 0.929934 0.0507583 0.0403513 0.903197
0 0.943306 0.289267 0.0502207 0.0380718 0.903058
0 0.845068 0.189881 0.0471486 0.0373613 0.902817
0 0.201003 0.932935 0.0515884 0.0399345 0.901574
0 0.311441 0.779097 0.0631071 0.0377485 0.901025
0 0.517635 0.929604 0.0664803 0.0473736 0.900483
0 0.846243 0.240348 0.0598768 0.0412764 0.900394
0 0.731761 0.382213 0.0550582 0.0523332 0.899972
0 0.848655 0.0948139 0.0733405 0.0400327 0.899454
0 0.632406 0.485459 0.0638057 0.0461352 0.897063
0 0.285568 0.336714 0.0415605 0.0363848 0.896032
0 0.837395 0.778876 0.0658454 0.0476735 0.895945
0 0.316836 0.0527461 0.0581278 0.0390968 0.895151
0 0.283559 0.290129 0.0546295 0.0368358 0.894409
0 0.735515 0.827927 0.0438661 0.0373741 0.893673
0 0.839446 0.635819 0.060224 0.0418945 0.885875
0 0.306737 0.620675 0.0462458 0.0448027 0.88143
0 0.0954083 0.0904334 0.0646312 0.0256391 0.878787
0 0.63013 0.928573 0.0659291 0.0428948 0.877933
0 0.285652 0.239337 0.0575434 0.0472845 0.877385
0 0.630583 0.383541 0.0612952 0.0238191 0.876143
0 0.312914 0.0936781 0.0607967 0.0301337 0.872
0 0.285102 0.381955 0.0444469 0.03653 0.86317
0 0.841646 0.882692 0.0681908 0.0456611 0.855529
0 0.344324 0.286192 0.0450879 0.0370627 0.848638
0 0.340508 0.43348 0.0562837 0.0506732 0.843391
0 0.343897 0.379642 0.0419791 0.0321288 0.835448
0 0.836732 0.929461 0.059632 0.0404478 0.826732
0 0.345125 0.244679 0.0461112 0.0445935 0.806297
0 0.278807 0.479453 0.0573991 0.0457614 0.779716
0 0.306103 0.575363 0.0603467 0.0196181 0.773222
0 0.286598 0.424369 0.0415922 0.0284759 0.770174