榮 0.944575 0.090487 0.051514 0.038359 1.0
封 0.939216 0.139619 0.060340 0.038627 1.0
爲 0.944010 0.190879 0.056947 0.046519 1.0
理 0.941463 0.240769 0.056631 0.033057 1.0
國 0.943306 0.289267 0.050221 0.038072 1.0
府 0.939568 0.340183 0.059475 0.040410 1.0
欽 0.942759 0.388876 0.060941 0.042568 1.0
差 0.938049 0.435237 0.061622 0.048550 1.0
節 0.937684 0.485954 0.060775 0.044038 1.0
制 0.936803 0.535770 0.057899 0.044340 1.0
各 0.940838 0.586223 0.057131 0.043159 1.0
處 0.938735 0.635787 0.065442 0.046354 1.0
水 0.939296 0.682334 0.059599 0.036707 1.0
步 0.937328 0.732005 0.065083 0.042532 1.0
諸 0.933958 0.781482 0.065504 0.046232 1.0
營 0.937872 0.834492 0.063594 0.048421 1.0
兼 0.934438 0.883033 0.062917 0.040534 1.0
總 0.937352 0.927314 0.066573 0.043879 1.0
政 0.848655 0.094814 0.073341 0.040033 1.0
柄 0.840245 0.145716 0.059931 0.036669 1.0
太 0.845068 0.189881 0.047149 0.037361 1.0
尉 0.846243 0.240348 0.059877 0.041276 1.0
宜 0.841616 0.285733 0.061585 0.039179 1.0
國 0.842897 0.336283 0.052856 0.036475 1.0
公 0.841927 0.384916 0.063690 0.033049 1.0
爾 0.840354 0.434926 0.055461 0.041753 1.0
其 0.839377 0.483985 0.068306 0.048172 1.0
恪 0.842044 0.532606 0.063021 0.044427 1.0
遵 0.839610 0.585338 0.073766 0.047271 1.0
成 0.839446 0.635819 0.060224 0.041895 1.0
命 0.838555 0.685046 0.066680 0.048704 1.0
茂 0.839814 0.733312 0.052829 0.041185 1.0
建 0.837395 0.778876 0.065845 0.047674 1.0
殊 0.837628 0.828659 0.062588 0.043212 1.0
勳 0.841646 0.882692 0.068191 0.045661 1.0
監 0.836732 0.929461 0.059632 0.040448 1.0
國 0.736215 0.092102 0.049695 0.039170 1.0
撫 0.735658 0.143614 0.071980 0.038359 1.0
軍 0.738608 0.194333 0.063266 0.043721 1.0
這 0.732778 0.244836 0.063969 0.040801 1.0
大 0.739407 0.286479 0.057018 0.038732 1.0
小 0.735080 0.327101 0.051805 0.032700 1.0
事 0.731761 0.382213 0.055058 0.052333 1.0
欽 0.732147 0.440574 0.061930 0.043751 1.0
閲 0.732494 0.492494 0.051003 0.045301 1.0
决 0.736126 0.535792 0.061761 0.039456 1.0
迪 0.735545 0.578594 0.066790 0.040394 1.0
毅 0.735364 0.627183 0.066649 0.045597 1.0
登 0.736857 0.678758 0.064289 0.039998 1.0
辟 0.735490 0.729248 0.062317 0.040818 1.0
舉 0.735806 0.780878 0.069611 0.047529 1.0
内 0.735515 0.827927 0.043866 0.037374 1.0
外 0.735597 0.874985 0.073582 0.043305 1.0
效 0.733145 0.926735 0.068425 0.039766 1.0
厎 0.630199 0.097202 0.057797 0.033418 1.0
治 0.632340 0.141191 0.053084 0.038647 1.0
安 0.625151 0.195900 0.057556 0.045932 1.0
以 0.633069 0.244706 0.053461 0.032095 1.0
答 0.631698 0.289164 0.063409 0.047276 1.0
予 0.627657 0.339267 0.054550 0.038244 1.0
心 0.630583 0.383541 0.061295 0.023819 1.0
責 0.628284 0.433608 0.065655 0.052514 1.0
成 0.632406 0.485459 0.063806 0.046135 1.0
之 0.631716 0.532188 0.067287 0.038802 1.0
重 0.626607 0.578249 0.066848 0.041294 1.0
副 0.626329 0.631515 0.055136 0.044705 1.0
王 0.628294 0.678010 0.059869 0.031199 1.0
父 0.627667 0.725024 0.060178 0.040817 1.0
委 0.627966 0.778641 0.067424 0.046340 1.0
寄 0.624719 0.830885 0.063634 0.048296 1.0
之 0.629567 0.882316 0.073741 0.035498 1.0
隆 0.630130 0.928573 0.065929 0.042895 1.0
斯 0.521048 0.093802 0.069716 0.047088 1.0
益 0.524055 0.142443 0.057553 0.043928 1.0
衍 0.522983 0.195071 0.066279 0.038828 1.0
皇 0.524395 0.242406 0.053514 0.046263 1.0
圖 0.523832 0.293165 0.051096 0.042893 1.0
鞏 0.523135 0.342343 0.057013 0.041494 1.0
固 0.523392 0.392042 0.046490 0.035389 1.0
之 0.522933 0.439408 0.066481 0.037027 1.0
長 0.520817 0.487120 0.065647 0.047753 1.0
保 0.523767 0.536143 0.069435 0.040169 1.0
王 0.522699 0.581737 0.065002 0.033710 1.0
業 0.522118 0.630048 0.066438 0.049611 1.0
綿 0.521624 0.682657 0.056056 0.046507 1.0
洪 0.524030 0.729019 0.057645 0.036865 1.0
之 0.525502 0.777558 0.064851 0.039587 1.0
大 0.525156 0.826802 0.056817 0.043266 1.0
爾 0.519710 0.877774 0.057624 0.044063 1.0
其 0.517635 0.929604 0.066480 0.047374 1.0
欽 0.423151 0.093729 0.060475 0.045679 1.0
哉 0.424199 0.143227 0.058736 0.039198 1.0
辛 0.316836 0.052746 0.058128 0.039097 1.0
丑 0.312914 0.093678 0.060797 0.030134 1.0
四 0.313551 0.135327 0.050085 0.027886 1.0
年 0.309897 0.190348 0.066392 0.045442 1.0
明 0.345125 0.244679 0.046111 0.044594 1.0
永 0.344324 0.286192 0.045088 0.037063 1.0
曆 0.342165 0.335500 0.051390 0.048296 1.0
十 0.343897 0.379642 0.041979 0.032129 1.0
五 0.340508 0.433480 0.056284 0.050673 1.0
年 0.341589 0.481332 0.047859 0.044912 1.0
清 0.285652 0.239337 0.057543 0.047285 1.0
順 0.283559 0.290129 0.054629 0.036836 1.0
治 0.285568 0.336714 0.041561 0.036385 1.0
十 0.285102 0.381955 0.044447 0.036530 1.0
七 0.286598 0.424369 0.041592 0.028476 1.0
年 0.278807 0.479453 0.057399 0.045761 1.0
春 0.313555 0.530248 0.064774 0.049705 1.0
二 0.306103 0.575363 0.060347 0.019618 1.0
月 0.306737 0.620675 0.046246 0.044803 1.0
節 0.306386 0.675903 0.060480 0.054033 1.0
制 0.310633 0.729974 0.051875 0.045410 1.0
太 0.311441 0.779097 0.063107 0.037748 1.0
尉 0.308188 0.828929 0.067688 0.039499 1.0
宜 0.306166 0.876370 0.061908 0.040165 1.0
國 0.309712 0.929934 0.050758 0.040351 1.0
公 0.205646 0.090741 0.064518 0.034503 1.0
鄭 0.204326 0.139155 0.064528 0.040554 1.0
根 0.202341 0.191191 0.060463 0.041408 1.0
振 0.201484 0.242939 0.069104 0.040444 1.0
旅 0.200112 0.295358 0.065199 0.044940 1.0
還 0.202980 0.345797 0.074184 0.045066 1.0
京 0.202038 0.393614 0.062482 0.041986 1.0
留 0.200030 0.441147 0.050586 0.039214 1.0
陶 0.202412 0.487744 0.054110 0.043015 1.0
光 0.201944 0.534613 0.063677 0.042157 1.0
饒 0.205148 0.582108 0.073031 0.048315 1.0
爲 0.202645 0.630295 0.062574 0.044133 1.0
鎮 0.206371 0.682309 0.072190 0.051440 1.0
守 0.203936 0.734630 0.064226 0.038878 1.0
黎 0.207209 0.783130 0.065061 0.041286 1.0
仕 0.200672 0.832151 0.065371 0.039529 1.0
澈 0.206663 0.879970 0.066305 0.043379 1.0
胡 0.201003 0.932935 0.051588 0.039935 1.0
士 0.095408 0.090433 0.064631 0.025639 1.0
揚 0.097708 0.139066 0.071138 0.040365 1.0
鄭 0.098083 0.192673 0.066780 0.043563 1.0
時 0.110465 0.242629 0.045558 0.039445 1.0
濟 0.099980 0.293094 0.062270 0.051066 1.0
爲 0.096578 0.338378 0.067716 0.039016 1.0
督 0.099809 0.387894 0.064188 0.042828 1.0
視 0.100024 0.440193 0.067991 0.037017 1.0
領 0.096670 0.489503 0.064380 0.042828 1.0
諸 0.099780 0.535610 0.071703 0.048096 1.0
将 0.099882 0.583425 0.072092 0.041301 1.0
屯 0.099808 0.626177 0.060312 0.040491 1.0
于 0.099697 0.672813 0.057999 0.036246 1.0
奇 0.096602 0.722212 0.051607 0.044612 1.0
華 0.098258 0.774118 0.065862 0.039708 1.0
河 0.095839 0.830451 0.058759 0.040187 1.0
中 0.096676 0.874048 0.049954 0.034680 1.0
地 0.096752 0.922350 0.068028 0.034644 1.0
